0.0
3.305199021268111
4.351582182642053
7.929215484660336
8.882836473696514
11.098762227630555
8.45273887407636
11.745406093638543
8.723206116524025
10.867828047284675
11.499679254612175
10.329928681608507
10.952338339721315
11.207761000109109
11.303598407770089
10.293019420765802
10.811096684186793
9.567950252335407
11.364949161729939
10.107914699930177
9.794332218894013
10.490362880865533
10.924082362432998
10.946706720937627
8.843861015818348
9.285103300978918
10.077458079485837
10.941292033135653
9.700590712652712
10.206532559632251
9.79479668071906
9.84558481176046
10.607696932548379
11.834551122941747
11.134377160478891
9.157192751213387
9.35550371880629
10.017790681052531
8.696897726394582
11.423352406830958
11.45593773331791
10.919482378834033
8.912245613452114
10.710291725789773
10.443262635671402
11.569616723288988
11.895096149929174
11.719607409153866
10.997917209393421
11.334913118224193
9.930249358589322
8.742874199174992
8.71508096675393
8.954454904273916
9.046609935010963
9.603726961860332
10.968107091162949
10.545069963104027
10.878016632604613
10.961644581067901
9.182980142338124
9.122649512109263
10.551345901310015
10.696986532578023
10.893620772478016
10.39133783772263
10.499536174885577
9.18956250919257
11.524080725920612
9.710037584925885
10.942662625578237
11.14976559042475
10.02277734094838
9.311066509048032
9.647393628400948
9.40370539060325
11.026497886360232
10.940513909265178
11.768821581516022
11.75408753275093
9.87800452333255
9.233546603965067
9.625048862805613
11.08528647177127
10.130609206093368
11.99349424789898
10.18289487796477
10.07319284105904
9.8149929371408
10.889722900642028
10.327459720163631
11.395097403129569
10.89043828596482
9.719699152467115
9.786270191470294
10.557130585433868
11.272200730624206
11.951294621211787
11.942564499177593
10.356236362174513
11.916557562709272
11.008508032846805
9.269018317397979
11.89383439458993
11.62386986435672
11.799976210143427
9.54604797210925
9.28521588282183
11.291951664888643
9.746615505403497
10.909321055489727
8.753750683937028
8.654680346048963
8.596325630898036
10.08303841021052
8.601290176223642
11.693231291435723
10.037513792331083
10.516597383210751
8.326605804345604
8.276318713733303
10.293349728152862
10.46798086486126
10.72893813080259
10.506538111640339
8.461643714319962
9.848665269656863
10.900904378076234
11.782033164167729
10.845050296836575
9.431631329432435
10.66104791023588
11.24331656746756
10.738416735397323
11.699490898611657
11.696346845660287
9.826019945282951
10.126141779410545
9.085045592905203
10.987897529184238
11.729121855263884
10.167617607467605
11.35963683949592
10.698104055299268
11.867809566172582
11.669023724917679
11.614705913502576
8.783873335569751
10.299502387938105
9.528966438104362
11.78140768166827
11.685193383755973
11.649376205671274
10.945872536088928
10.922652695931447
