0.0
2.1236027682397904
3.331152577986664
3.842793336581761
4.968108825989229
6.316810346122794
7.254465334557212
9.718515306565399
9.290417736658409
9.76807268793193
10.522217193102756
12.2211655126475
13.37106860876381
15.067931474637737
16.70219803152002
17.759543689180976
17.112214128447523
15.067389701562323
16.77037948643834
19.354937509340413
20.666765535933582
20.612662019322507
22.278717182724062
21.35830936226568
17.72952898363784
18.898503826879086
20.64615954904791
20.730300306408317
21.752119234490564
23.323729716229572
24.95855033886565
27.387918823137667
30.092926824591466
31.69013213994635
32.32148951623189
34.4549548318512
35.195428470896616
35.582495937217836
37.08328791354913
36.63342391373293
38.10335392121874
39.73262680993945
42.30145691721914
41.55648269364652
41.40103188745111
43.84147891496293
45.662047871441196
48.065483822512455
49.0869288947649
50.70249272679976
51.87640289807384
53.117502621986326
55.958469777419076
57.822016080623584
59.079704481326694
59.39318454815886
60.851509246177464
62.58623452087563
64.03495048999774
64.95410045117005
66.09901712870371
66.3728181502818
65.12424946273943
66.25895149624073
67.87656794858326
67.55251123417291
68.97014536707847
70.05546431653278
70.6703305368782
72.40671307978853
72.60701109738683
74.92021721269136
76.36942379617633
77.01827878685005
78.37775970773276
80.92323487201097
82.84790862590613
83.93664529468909
86.72819412295894
86.09674532552052
87.45022603097054
87.59024095357513
89.34734467866724
90.38648104618876
90.88749241110415
92.08657354756392
93.82177470996169
93.87725951061668
96.34045532241954
98.68540333770343
100.11794261790995
102.20983936630945
104.57544851611918
106.12814110929368
101.85654413854398
103.02753069164534
104.08499007058317
104.76649579751471
105.66143365961155
107.23215968394396
108.07255899385383
110.53139071662763
111.03173109816026
111.90470053237182
113.24239897026794
112.20832729000853
110.46735873036295
112.34085426558055
113.78178073660517
114.70916288727031
115.7009311390231
115.15046962684765
116.6376308241267
116.79004121622546
118.85742338391955
120.51530314271298
121.44267055329803
121.25373743537659
120.2619806513601
121.01443815232578
120.26692935629853
121.46634413519762
122.18392497072983
121.0172437273684
122.24956269345171
121.68736414670394
121.33850992020007
123.20354732983768
124.74856849708166
126.45975231788131
126.77450552815714
127.29036620456873
127.97581298948347
127.40501669387189
129.69938633317798
130.95666202411869
130.40605354887015
132.4805845512893
133.5138345171551
133.0606794002754
133.03159024343563
133.9283563118453
135.6432222576824
135.96757573456247
136.90422878471247
138.69449219493177
139.14962976185092
139.4915158864295
140.4576176565715
142.38171863881817
142.86065230381604
145.511231030069
145.77412269518013
146.60653170861914
145.7073520454918
147.32769027000808
147.03457563699868
148.81914203322782
149.19996631341812
150.32788714463945
151.81507232143213
153.17370992990874
153.07081084280276
153.95091797643352
155.8162904199513
156.0670832962433
154.56141540146956
155.49266326405143
156.9156838434282
157.81916011931884
157.4958383950144
158.7292271329843
160.6987139534208
162.47404171997664
164.73560337953612
163.14190169406032
162.91141939839503
161.66998340398163
163.5872138577417
166.129051677603
166.58917717251322
167.91616326896397
170.44034976757908
172.19079501345885
174.11862739657832
174.51005710699346
176.03318368772005
177.24329095008585
178.14920232979904
179.09205262171784
179.37702149323852
179.93683252789498
180.7895900789698
182.11343410593528
181.59512558111098
182.8628119616548
183.7567522815238
182.95792403653974
183.34048570187716
182.6318256652004
180.48726750806105
182.52679919193278
184.30119495710204
185.88690392160146
187.4150031119584
188.0442507216425
188.71970964624526
189.31467577696284
191.9508112256817
189.5366148251629
191.30479521639867
193.8880463815961
192.67810564208116
190.87495670099915
191.42592626124812
193.20477817135966
194.60954448301817
196.02086585032671
195.15195750982522
195.00486797049402
197.39919942411996
197.9063129875258
199.92529345665028
201.98649660496227
201.67031689214446
203.01335965675818
205.72742859971436
205.53155645517245
207.43353653467804
208.74066507077097
210.47693630187143
210.30217986523283
211.19578485662387
210.78862293918453
212.21762860605247
213.01149623123396
214.96806907614098
215.21199365589854
216.2224763130961
218.8911112994028
217.23725542391958
217.90343609847793
218.29344265872112
219.39237021506278
221.5280359574154
223.02831556244098
223.80386475533476
225.80965539271762
225.32943198093233
225.81745799135115
228.232422374858
229.31088365483333
230.04693371386605
231.56259399604778
234.26380949678764
235.16210572217324
235.88939452590233
237.03457190169968
237.98814994229366
238.63258649344863
239.00358817457965
239.15752988408917
239.5121338144765
241.13752669497694
242.5201589868048
244.39288879243242
246.60912889653724
247.198827524156
249.75689790764278
250.646806873014
253.26632943861546
251.656592668783
252.39143069806363
253.45944641396449
253.49933125971808
252.24803010189896
253.86778126925208
254.46009340750965
253.3930960525974
251.19694304208497
251.99281603438448
252.78007873247248
253.51744828440644
254.60187236960945
254.80442630322494
257.1777650544042
258.93996792492896
261.186331605368
263.53485917337775
264.68805913960455
265.5481494891837
266.1195056664243
267.43005724195666
267.3237587878212
268.4851169256838
268.3147529407663
269.6456264983708
269.44301404306674
270.690971144429
272.6253084182012
274.2384457198785
275.85093695319205
277.0925441193989
279.4676924126119
281.0787051276686
283.5263176669028
284.38503294478494
285.25669724241504
285.5538287373529
284.11980239741115
286.06440736303676
288.08013743689787
289.823153124644
289.4269791091587
290.67316365905816
291.2713416240884
292.3050289469822
294.3196555825228
296.366383464066
298.5834650362668
300.20922163350815
300.93118898769444
303.37223635322766
303.0969963121652
301.7742435113526
303.6251069607114
304.77033970820173
306.3409097775602
306.94394208977735
308.8371470752907
310.28472523787116
312.12956496043626
312.5228389712148
314.46892075090227
315.0963981897386
313.94232792307906
316.5442889306986
314.262321824438
315.59464271431483
315.5374630822914
317.0114658954393
317.5109269383962
318.098109090682
319.24806313549925
320.81263985072803
323.04912698013095
322.3933261115605
324.3111967496628
324.5479498396297
325.97858963539176
326.511351130227
328.4158632918755
330.914208506007
332.869095513765
333.7501977165372
333.392769188355
332.5256963361953
334.6425429449231
336.6770601422186
339.36997533958703
340.56907717572403
341.96421787084046
341.73544394192504
344.27154904053293
344.9876536882617
342.6842535137942
343.67446342441883
346.3493201961844
346.5182727694692
345.5376121534379
347.6613081336283
349.32467858525575
350.81916758411774
353.09863304373465
353.33462608367387
356.0783520752064
356.2652124559817
357.0189106480108
358.01011049524675
356.7129231209061
357.7713943812068
359.31911657339714
361.8695318440316
362.5046848797623
364.57826013726384
365.387468941516
366.2743242958155
365.22326054243354
367.33768739375006
367.21579080265
367.92829361343195
366.9680143433936
366.2505492145434
367.1162163206879
366.48989723506867
368.314764541837
371.0581872589972
373.79076877524454
375.022456878265
376.577407769224
377.3780226393391
377.6417058880247
378.39555076555774
380.44120277324305
380.3129168124513
379.0502059872745
379.2611637173809
380.50215528563444
382.477038687612
383.08137027794106
384.6525178806183
387.1117455278645
387.3064000640051
388.1626858423701
387.54646837563024
388.78291661817127
389.3143895682751
391.43380450887133
391.5562339835923
391.9153126652793
391.2458506255125
391.67658949558387
393.02224523271843
393.5135852165697
392.95219504939513
393.9902298366564
395.99945003285586
398.6074448885844
400.8632168303756
403.3420536555665
405.0803606650636
407.0429428868541
408.95079768895124
409.8309981817851
412.01774157021293
413.691855472636
416.220480239056
415.4418010737866
417.8751503059117
419.75908515118294
421.09620763359504
422.1757346976295
423.72311987297996
424.7543797851982
425.809772623032
427.4032171198508
428.8239960961807
428.94829649908786
430.241350272426
430.2456290866856
430.5571785848305
428.7723871612691
428.51821562166674
428.1014196699559
429.37152030341207
430.16895492591306
429.28549588265304
431.2604135144841
432.76258289362147
434.3317844586965
434.1249653680514
434.41775282668766
436.7128022286512
438.4868490061745
440.15002360019145
442.21628517073157
444.5554531882003
445.2635802676754
446.27428361707103
447.62957736433066
450.40252801052645
450.45055145916507
449.3299709699733
449.7863199264836
449.71284543549376
451.0553234225678
452.5620913346291
453.5772742328363
455.82639689741444
454.89984866244134
453.40509189732006
454.34815617448226
455.00990027079575
457.5939579627048
458.01979904574176
460.4547521817057
462.4876968415415
464.38166722902463
465.4477036409422
467.2027897740153
468.4433314697783
470.0446924069663
472.2143417563591
470.7911414636608
472.8270285502563
472.84230952657833
471.7532262375771
473.09952260886337
473.51936197532984
475.13128676217127
473.7915709531096
474.6537714479641
475.35631239098177
477.6458075314831
480.4688153730682
482.48554649257915
483.128296020064
485.34000171701143
486.72017168236005
488.1360112133294
489.74504141794
489.4350921642806
491.7648931113315
492.98977652253416
493.8707105042769
495.46678050615753
497.78340869730744
499.79980192757034
501.34986443544767
500.92551656818955
501.6019889965851
503.40905335749915
504.5465123081648
506.1908723991247
507.74462634435577
510.2953013839141
511.7748282804405
512.4928044810522
514.7297291050243
514.9173869439677
516.8100085936658
518.6715786538124
520.6938383028091
521.9798910380503
523.5820410085894
525.5211653369345
526.2651570610627
527.0534567101098
528.7574445757238
530.3869361072515
531.922634541052
533.0446982666477
533.4858640850861
535.6949485310745
536.9787633758132
538.703926759246
541.3698249365298
540.4125105693134
542.117735028948
544.412047571286
539.8290127588679
541.1920329244718
543.6476857075787
545.036915607524
547.3602296211747
549.2678120053484
551.8069021738391
552.071375733197
552.8339436467113
553.4486988876226
555.9447004457126
556.5205049116124
557.8843770054735
558.7317467089249
559.5243666341453
560.57630235178
562.0262938253927
562.5667447524899
563.4051956883977
564.6782192636307
565.8464422723722
566.693977405078
567.2861528415166
567.1194089730539
568.6469736372103
569.7024595972608
571.7815901890597
574.4238948014361
574.4754561343346
576.2466804955737
576.0887139480812
576.4323126825217
578.915693332701
579.5011572174153
582.377915787733
580.0817636766739
582.7833411567938
583.4844158764863
584.3255746185782
586.010326951943
588.1328975547244
590.0681267478016
589.6323380312588
591.7420012754667
591.6432039002266
592.2220537529606
593.165854817927
592.9566417597621
594.5201352811613
596.4433118170303
598.3418831196603
598.0424169080588
599.0975174476613
600.4209750828734
601.1141343080246
600.8182628777945
602.4740984142896
603.9424129610635
605.2351211914349
606.2466367118224
605.8793514827989
607.2626293629069
608.7455627056019
609.3910397898334
610.1827437776062
611.4656269340679
613.1887367913758
615.4161744437582
617.0315327030129
617.8004780796911
619.014857234873
621.4403283065749
622.8800130193965
622.9652858470625
621.7719422342172
623.5145349118867
624.549584248266
627.0584341189702
628.4073677785493
629.5328755256298
631.6200491362955
632.2667989191414
633.6950068724287
635.0540424858928
636.5352505358746
637.3435151454679
639.655690890347
639.0012497060861
641.1565822664668
642.5597464661159
643.5026307107327
643.5196031715958
644.5652243051792
645.3219601134351
646.6172309306874
646.5748140338544
645.8611715761946
647.0556664685615
648.1190898334079
649.4927414371265
650.8162566500207
652.1750739201964
654.1501690043259
656.6211196179437
658.4542364578983
659.0911975334529
658.6471989136054
660.0004690818688
660.5675641831862
661.7375683458155
663.6589623791134
665.0558863189194
666.0541992892436
668.079924535176
668.1145700720364
669.9749458331049
670.349842551354
672.518178878629
675.1928378642006
675.6525914988825
678.2871647555014
679.3132029830697
680.4988527785009
681.5347149216428
683.1291826879207
681.7213169110307
683.193454280515
684.2014587852553
685.4537958480303
686.9717061612271
689.1157105834778
691.395791497061
692.5196979970901
692.2412076646693
691.2670139824957
693.848891603223
695.5404707255401
696.9706567860376
698.8117057860812
700.3609875456094
702.0786029314185
702.3992316229848
703.4454911146072
703.3586417133193
705.3875081969833
702.692893635238
705.2248894295221
706.0335018266907
708.049920096238
708.2441751054118
709.4229922358912
709.5967685115705
710.8227826650275
713.6218295614764
716.0956939930883
715.7757392718834
718.4695425141884
717.8766796471101
718.2931764324921
719.0221891258158
720.8447170792762
720.2001986321095
720.4376004178323
721.4442068765896
722.6169762521049
724.0239928767625
726.4270495485323
726.415650544287
726.9139617354613
727.2139917564963
727.593080020945
727.1952098125332
729.2397513754919
731.5130765495043
732.4933415460072
733.2753397069937
735.4539134772202
736.5780446969449
737.9463967679825
739.9780562246309
741.8284153584684
744.1383231622244
746.6463723474652
749.335788773169
750.8841272594557
751.8062911100326
753.3446256882054
755.328339173017
756.2630650778586
756.8602511491612
759.5719475685909
758.9625591295519
758.988043949762
761.0285484558412
762.389668352866
763.5308223557928
764.522079310257
766.8558074905256
767.6411385656143
768.1016017032936
769.5244756599609
771.649896578371
773.7877425151594
773.6257030261577
776.3324911219604
778.8915341107827
781.4003664882332
782.8639454529768
782.2482800904643
782.8332659172933
784.1535753598813
784.7244477340988
786.5077977068712
786.837981635175
788.8436621196182
790.8125108540816
791.7038396097099
792.7110413524648
793.3702271038576
795.7799798740205
797.3971813376946
797.4144735568676
796.6163103262696
797.1195695173964
799.273418698407
800.0829179863498
802.2318380219456
803.6076935041195
805.5034459426115
808.0672847624218
807.5542861408114
807.7422077326303
808.4856129393738
809.1259993576715
811.1503116184045
811.8334850992914
813.4438574460575
815.3837373469312
817.870787100412
818.7723285778771
820.349969823645
819.5720536590272
820.2880176637168
819.8412170008987
820.7010227889099
823.207179252421
824.2894666563362
825.3705990307362
827.7749313165663
828.1368428018967
829.1489924880102
828.203160908472
829.5829329253156
830.8771288271869
832.434614539333
833.9923855116599
832.7960038155968
834.9656405441069
835.8409316495032
835.9463135886324
836.7885257725133
838.551683897252
840.2272123854742
840.562479938234
841.664757455184
842.5691171112447
841.4220010663954
842.0909131438677
843.1038973602743
844.6650465794986
844.6467982532511
846.6627799314881
848.5324149659543
849.055391900045
849.6624719735726
850.8367588222551
852.2398584567243
854.2865551931341
856.924014667811
858.7254187957435
859.7996669327092
862.0927488602726
863.0331585832662
865.0518591321944
866.1415832887391
866.9645654147607
868.9083171496047
871.5432618613031
872.8797232448705
874.8334679165908
875.5279321213621
875.1205032411323
876.476275127143
877.7862661235896
880.1415423510738
881.6951785576294
883.6898665461101
885.0603829485449
887.3544878123238
889.5167553222159
890.6894739160433
891.2726412399658
891.4344181579207
893.8745587192196
894.090479994945
893.9598888941281
895.8518768857612
894.4434593881482
896.4027363934306
897.1736888691064
899.6453778800259
902.4654449048071
903.6643116535737
904.7094599797919
905.2045234283139
904.6533417489532
906.993521612483
907.1522176617757
907.5676363521695
909.512766217426
910.3987597268333
913.2622481597857
913.7266388385198
913.5995571597447
915.1446292171114
917.2509072249053
918.1105074388263
920.0276291840906
920.927601209546
920.9172656841398
919.1394296732025
917.1607536938909
918.9615236200342
919.9229993121425
920.289568388522
922.5146567021444
922.4861576497195
924.0983493554771
924.6670505948995
925.8720777484876
927.0104090699174
927.8394169481162
928.5660980945175
927.9659509242415
929.7705589421805
932.0990928435054
